4191
355
5377
4791
4957
-8250
9955
-4157
4081
6270
-5362
-8920
-8688
-4366
4953
-9032
-5200
2251
8401
4287
1856
-4307
8912
2826
6622
-9944
5561
-700
-869
-756
-7555
-6724
7654
-3363
4657
8836
-576
1836
3167
8426
-2108
7450
-8944
-9540
8682
-2947
-6703
6855
-3097
-9851
-2307
-6229
-3684
1895
-1208
2111
-741
8313
2503
1079
-3660
-7157
-9369
7013
-5040
-3579
6519
1036
-6581
-4374
7873
-629
5943
-2408
1793
-3211
-3579
-7538
6388
-2213
-5535
-3221
-2679
8643
-1707
2044
7447
-4113
-5779
-3579
-5202
6378
5910
5491
-6580
3101
5275
3260
4672
-9813
9207
-7784
-990
-6731
5326
-2852
-3922
-1276
5294
-5856
3003
-9110
-2815
-9414
-7639
-2561
2279
-2512
5225
-9292
4771
6326
985
-5142
2069
-5949
9527
-1335
-4540
-1392
4974
8759
-4259
1108
-5107
1983
8912
-3721
4536
-3572
8222
-4566
2445
-8983
3745
7850
-7177
-8338
6961
5791
-7119
1638
3897
1178
9847
-9990
-4248
-3030
3094
-1681
-7433
7473
522
-3587
1777
6455
682
-5698
-4581
-3327
-8343
-618
4901
120
-8807
-7770
-5282
3242
-8366
522
7355
7786
-9560
-4196
-5586
-7953
-985
-6033
-2244
7870
-2122
7323
3517
7882
-507
7096
4630
-4931
3339
4704
-4663
3446
8557
-3626
-6639
5058
-8289
-840
1928
-3566
7186
-3568
5375
4965
-9380
2093
5603
7371
7615
2044
-9787
-9865
-6456
-5397
7391
9398
-7643
-8217
2398
-5285
6436
-8001
-3236
7112
9609
-4762
6778
3848
-1500
7971
4192
-8348
-5186
-7398
-3600
7479
7421
-5978
3969
7222
-1576
3711
-9443
8814
2838
-3144
8142
3095
5293
-2399
-1306
-8583
-3875
7402
986
6760
6257
8848
-585
7280
-9540
-5197
9488
-4228
-7386
-5523
3512
-5304
2906
7603
-4279
2089
1513
-8945
-1110
120
-5525
-6820
-2099
9168
-5419
-3671
5397
-2499
111
7535
-9077
6548
-5218
-7602
7140
526
-3308
9590
-8935
-4249
9221
2904
-282
-3519
-1214
-3580
5973
-7606
-1020
8560
-6446
-3699
2675
-4114
-2193
1796
1881
-7269
6290
-9639
-7770
5358
6304
-10
-9117
6301
-7007
-4821
-3240
-2999
-8652
3712
-4551
-3403
-3229
-9535
-7712
-9962
1991
797
-8163
-7935
-7741
851
1041
-4180
8775
3456
-7166
1747
5190
-1745
-8381
-2823
-2626
3382
956
-5897
-7079
-2780
9353
4433
-1581
-1513
-9823
-5323
-6762
1800
1503
-8966
-4336
9840
-7629
5159
-5767
-7177
-9895
4287
-5578
9730
3267
2197
-3583
-1834
585
-1867
8936
2533
-6853
9049
5774
9024
9275
6266
1638
6653
-6681
-3776
2498
7391
4080
-1333
-3616
4502
6839
-6570
4284
3972
2050
-5746
-4114
-1774
2869
-4949
-4129
-8442
-5420
-2292
-4442
3673
9827
1962
8583
3105
-9406
-1438
-7941
-3941
9753
188
-7451
-8314
9488
705
-9917
-8792
3613
-3678
8923
3323
8611
-2844
8215
-5836
-9838
-6762
-3220
2346
990
-619
6653
-256
-8031
-5401
5851
-6879
-5514
-6384
5905
-2075
2006
-562
4100
-1399
6557
-2057
6293
2346
-339
1655
1427
-4769
-2689
-2961
3521
-2798
2284
9046
-5071
-9826
-6543
931
-463
9339
8142
-6012
-7518
-6666
-7088
-4934
746
1746
5905
-2815
8637
9873
-2156
-5586
1928
2779
4672
87
-5362
3226
-8765
8307
-2172
4554
-5797
9478
-2452
-5124
4980
-6512
-3626
-7051
2122
278
-7669
1958
-6444
-540
-5150
6606
6435
3087
-9048
-637
2283
-8354
4356
-4065
1758
-7299
-6008
3235
-2488
5403
-1106
8701
-2708
-3646
4648
-8827
8814
-8619
2209
2116
-5218
2214
3008
-6175
-7464
2961
-1359
-1373
-1510
-8344
-4157
2835
-36
6855
-6496
1856
-8432
-269
3542
5793
1987
1118
-1618
-9890
-5332
9932
9465
-928
6079
-5763
2166
8398
-7831
-9458
-1508
-6126
1835
9088
-1463
3498
-2205
3587
8600
1371
6239
-5936
-2213
6251
9932
-4589
9392
869
-3845
-5677
-8748
-5349
-2465
7131
-9070
-7858
-6570
-180
-1797
3003
6584
-5944
-8133
788
-9834
-4298
6559
6946
-3734
1513
-1516
-7270
-3446
-9225
-9848
2572
705
-1408
21
340
4569
-1441
-2643
9957
5206
7330
-6781
5430
1456
-79
-1619
3707
2538
2773
-3322
635
-1530
-45
5682
4849
2339
5158
3810
-4071
5605
1095
-1183
-5778
9318
6356
2476
6239
6329
-3845
-1776
687
-7846
-4456
-3380
-6207
8674
-3113
-8465
5676
-200
6254
6948
-6507
-858
-7214
8127
4896
1219
6396
3154
-7017
-5892
681
6803
-9473
6006
-2099
-4119
9378
146
-7340
-1578
-4876
4050
5237
-187
7473
-5091
-6284
-1286
5781
-4703
-5005
5034
7205
-2685
6711
-7378
-5913
-6277
9148
-2309
3821
5430
-7934
-7316
2947
-2789
-939
-1685
4116
-749
1629
-907
5264
-2445
3413
9995
-5008
5199
-6046
-9486
3280
-528
6440
5505
2688
-5275
-4732
-5473
9160
1941
-8025
-7604
-7610
186
-9935
7421
-7775
-9227
3179
4654
6016
9816
4414
-1823
9130
-3673
2170
-8591
-5518
-8251
-7629
1258
-1141
-3972
-2187
334
8961
8487
9087
2184
-4687
-3716
4713
-32
-7974
-2676
-2780
1514
-5675
9430
3429
3610
5309
-5803
-836
3666
504
8321
-3563
-1581
-253
7910
2409
-8264
4595
8895
-927
-6703
-5506
-2075
-7639
-6149
5065
6081
-4857
-1011
5194
-8042
4330
137
-1446
55
8154
-7215
3399
6132
6125
-2026
-1639
7504
6382
6378
-5807
303
-8619
-8785
9497
7564
-5364
5779
-6080
-5856
455
-994
-3175
-1429
-1569
-8379
3816
-7555
-8978
3096
3974
7695
218
1681
-3535
6645
-7986
5822
-1883
9308
-3616
-1983
9429
1738
-3299
-2665
6303
-2784
5868
4705
3533
-8568
5221
-9110
3241
-6663
-1408
8739
4845
-6387
6396
6508
-5993
5613
-8168
-6220
1775
-4113
4800
-7552
5671
-7003
1938
2831
-3913
9714
1273
8711
-9070
5342
-3104
5719
6000
-5624
-8629
-8783
74
8383
6388
3538
-1403
-7902
585
1514
3234
8584
9227
8180
8675
8107
-8053
9305
-461
-7501
-7836
9835
-215
6596
-3145
2874
-930
-5094
-6742
-2653
9804
9564
869
4010
3994
-8705
1819
7252
-869
7882
-3780
6283
-7775
1705
-7555
9937
-5803
-76
7506
5188
-2631
1130
-482
4424
-4278
-4259
525
-5157
7330
-3581
-6143
-8403
-8294
-7803
7425
-9813
-6589
-5646
-640
-7555
-3757
713
3542
-9273
601
-8092
-5529
-3875
-7544
2245
3171
2297
-9120
3695
8536
-2853
-6578
-7113
-4810
1149
-4837
-9012
2507
-4995
9787
-2780
4243
422
2160
5996
-5514
-2397
2908
-7133
1579
-941
-6578
8291
2822
-8784
2092
-4732
3871
9706
-4635
-7343
3969
9587
-5918
-7415
-5758
1793
5075
4713
-2754
-1188
-3479
-1500
236
4151
-9773
-3152
-4491
3992
-5420
6653
-6506
1115
-9585
8628
-8619
-9280
9410
8417
-1618
-1055
2189
-2718
7884
-74
-9451
-3185
-5109
6175
-6032
1039
-9564
6051
7892
4705
-4434
-5312
6867
9937
9690
1451
-9529
7004
-4525
-869
-1228
-3810
-170
1909
-1590
5660
3267
-528
-2178
3409
-3927
-816
-5653
-4592
-178
-9588
9209
744
-3694
-4877
-327
-6370
2766
-3671
8261
-9848
2050
-4792
-5709
-5759
2793
-5264
-3603
-7495
5685
9090
-306
6791
-5746
8107
4595
2980
7535
-6234
7655
-1867
-7827
-6496
-9566
-5975
-6463
-7519
9429
-297
-7464
-980
-7016
-4068
-9131
-4458
-4767
-1957
7473
-4026
5237
8307
3853
-9210
-1141
404
800
1769
6508
8466
-5462
7157
-662
1311
-4463
2971
-1921
-5045
-4674
-9566
-4607
-8306
9541
-7177
-85
-7179
162
-3338
6172
-6609
7168
8142
6546
-4707
6355
8611
-524
5421
3673
-8889
-7770
-696
-7945
8506
-1059
2140
-3612
-6930
4800
4049
20
4577
8401
2652
-3338
-7835
9555
6638
-852
-7476
-8112
9759
-6761
6638
-6801
-635
-7156
-6510
-6632
3622
-3147
-4591
9236
9646
-176
-4023
6486
2962
5336
-3038
3396
2846
-2651
2143
-332
7365
5849
4630
174
937
-1971
4884
3958
8702
3390
399
7092
-96
4652
7324
4582
1097
-6277
-7065
-7624
-1803
4564
9439
-1325
-2729
-9728
-7289
4054
-241
-9490
7812
5420
-2063
-7088
2136
77
7654
-3195
-7541
3587
-1352
-2441
-4236
7700
-7818
109
5934
-8698
-1522
805
-1819
3389
3235
3974
-4903
-9492
2957
4794
1357
5295
-2354
9392
-3982
7608
-6321
-1662
2492
3990
-1090
-2849
-562
-2026
-2328
217
-2398
6850
5395
1848
-3001
9843
6584
-8239
-2997
2739
-1911
-7510
-7908
-6043
9824
8884
3685
-3092
-2725
4553
-178
-6899
-3251
7158
-9459
-7336
3957
4049
3542
4106
-5153
-2972
-9307
8843
-7526
-2842
-5701
8628
4199
6440
-2256
-6718
7690
-921
5033
-937
7005
-3114
-4953
-2898
-5345
-4836
339
-5413
8354
2356
-7334
-6565
-402
-1923
-1880
-3759
6082
-6273
-3195
6113
-1544
5321
-939
-3397
940
-4995
-7998
-5004
-7899
8508
-8064
7671
-4776
246
-1375
-7901
-1522
-4127
-4821
-598
4340
-8586
8141
-3682
4894
-4037
689
-9676
-6989
7866
-293
-9822
5141
-7405
4520
-6735
-7914
9025
-8258
-698
-4959
-6385
-3310
-6783
-5365
-9987
4200
-79
-6758
-2123
7405
2070
2414
-8064
7053
-5403
-3522
-4513
5695
4255
7531
2508
-6667
6136
-6175
2567
-1877
-7818
-5622
-7099
-8949
6079
4442
7882
-4178
-2435
-7770
-4172
-5653
-9555
-6320
3935
1741
7535
7830
-8218
-1276
-487
-2422
-2465
-2450
6172
710
4132
3118
8876
1109
1017
-1425
7735
-7039
-2546
-8867
-1912
7203
2434
1492
3191
-5724
-2240
-8955
-3694
-9390
-6739
593
2608
4139
-2698
-1222
573
-3101
5500
9130
-8159
4777
-5567
-2912
-338
-9473
8055
8346
5068
-290
-3411
-4944
8999
-4981
5096
-5275
-956
6959
2788
-1398
1767
6359
9631
-9091
3216
-4745
3758
-5818
-201
8892
-9722
-5161
5904
-3616
8863
3540
-2864
8308
-8994
-749
5925
-8739
-1843
-9406
-176
-5494
33
-6711
6388
5819
9439
-8764
-2987
9024
9921
-3382
7417
5399
5603
-585
-2174
-8062
-9734
6508
1823
3647
3533
2572
1731
6405
4312
-6308
-1010
4209
-9560
9057
-3528
-2435
-3888
3897
-3807
-5591
-825
1987
-7269
-4298
-7057
8016
7918
456
-3060
5500
2972
202
82
-9737
-8879
9314
-114
-7566
-8031
8872
7726
1011
5422
-3673
-5254
2788
-6345
1553
8970
-9728
9626
-9722
9316
3395
-8719
-7620
5851
828
3884
9203
5158
4965
6
-718
-4467
2367
8354
9357
-5489
-6426
-3768
6067
-7411
-8031
3653
876
3
2533
1802
6740
9885
9829
-5987
3577
1437
5204
8848
-8620
4144
6536
8147
-8268
-288
-6835
1167
7531
-4926
5774
3362
-5747
6557
1926
-1081
-2546
8226
6603
4173
-6023
8861
3569
7975
9957
-3868
3625
-6043
2282
-5545
5088
8730
6653
-5600
4468
7476
8466
396
-8519
-1938
-9113
-1586
-9380
-4421
-7915
-8893
6868
7996
155
-5608
4462
3727
7535
-3843
-9406
-9492
5096
3712
-782
3325
-9213
-7786
6081
-4239
4016
-8999
4370
-9457
-8168
-496
-5740
-3120
-8860
1295
-3910
-2990
-1103
-4658
3118
9890
-1477
4899
6989
4820
5491
8807
-6865
-2115
-6854
-8613
2231
-7760
-453
-3771
-9275
-2855
-731
3354
7226
-7593
-8805
2110
3290
-8085
210
-4501
-9621
7782
3957
3166
1524
-8609
8643
-8432
3718
-2638
-3617
-5794
-60
7204
839
-1847
-4248
-9406
-6207
-7905
5340
2091
-3658
8545
-5392
-4153
7752
-5759
-7078
-821
3937
-7682
4298
-142
920
-8896
-3911
-731
-7854
2506
1568
6720
477
-8001
2678
2021
-307
-3492
-4458
5806
6747
-8006
-7146
-7015
-2892
-6504
1777
882
5467
-7728
-9785
-7839
-6041
6241
4933
-6551
1738
366
-6012
1697
8268
9177
-6446
-6983
-9178
5536
9089
5296
-6183
7552
8772
2793
-4796
-2252
-8249
4919
-1127
-7770
-4370
-6292
-9952
-8240
-6757
-346
-1604
-1333
-8421
7497
6711
3131
-3965
-7555
4237
6388
7651
-2558
2188
7362
-3432
5365
-6737
-253
8039
8577
-1664
-3660
4691
-4465
1832
49
1770
4773
-9704
-4425
-5243
7232
920
-5336
7049
5496
2479
-3362
-8979
5246
-7722
-9080
3383
-8264
-4711
8761
-6360
-2432
-1408
-143
5497
2055
6361
-618
-5111
8778
-7471
1901
3700
-404
-5518
9564
2676
4150
-698
4010
2239
-7794
829
5990
635
-3322
4406
3524
691
4391
-8023
-7041
-522
-1128
-6771
5497
9805
4553
-2297
-8299
-2633
-1391
-2853
5287
-1207
886
-4905
-7048
660
-7529
-1375
-9299
-8343
-1971
-8431
-1603
-2300
-8874
-422
4010
3190
4197
7622
-9676
5703
-2465
-3660
-4490
-5624
-2994
-1943
-8927
4080
1988
8391
-7463
-1302
7017
7709
-257
-7391
-1642
-4687
9370
-8343
1973
1825
-4339
-4745
994
-4544
-5312
4015
-8294
-3338
-5521
5610
9534
-1937
-2886
1127
-5119
4055
8685
-5436
-9390
-5429
3307
6901
1928
-2208
2157
-1202
-8667
2305
2838
4490
-3411
-8372
1023
-2839
-1356
1918
6721
-8136
1023
2174
-586
5483
-1582
-7161
-4457
-7165
3958
6980
-9333
-3171
-5931
5847
4139
7379
-2440
4247
4978
-9335
-7768
-20
1149
4029
-2898
9031
-6595
-1128
-7914
1313
-9804
5730
7477
-7268
4896
-8874
-6973
841
4516
-4748
-7131
8122
4029
2070
9947
-3729
-8696
-3673
256
-1197
-3384
-741
3132
423
-4336
-7401
-7905
2007
-8470
4335
5427
202
4341
-3870
-1966
9418
-573
2283
6710
-8204
-1033
5583
5269
3425
5594
-4032
-233
2036
7934
-4557
6925
4353
3746
-2361
-6392
-8258
1711
2923
-7336
-3600
9111
-5174
-735
-4178
5799
-582
-2952
852
-8945
4237
9417
-5853
4314
-1231
6299
4956
-2623
569
3047
5549
-187
2609
-1384
3339
5909
6489
-8591
9509
739
2511
-2329
5300
4746
5308
4962
-1543
-9896
7096
-435
-6624
-4581
-4900
5126
-1174
-5794
-1128
-755
-8807
650
1344
-4553
5670
-6983
1130
-6647
-4699
7504
-4213
5838
9949
-2300
-6392
-6353
-9410
-8403
-1226
9957
8268
9222
-219
4400
1832
-6931
3937
-4884
2013
9924
5771
2030
925
1702
4282
-2115
-4667
-4760
-2053
-6629
629
-5331
-9489
4454
7964
6680
-7421
-2873
-6002
-551
-572
3459
-7867
-8724
-1878
-6871
6109
-3795
7212
-251
-8549
7784
-2900
6241
8067
621
-5256
-7405
1037
-5656
-3380
-402
7724
-4464
5391
-1656
-4457
-117
749
-852
-2841
7000
-2479
-5506
7378
1993
-8486
9932
4849
-2479
-3517
-2622
-4653
-7304
-3717
7859
5088
3397
-1299
8244
4400
6171
3481
-8933
-7039
3076
-7639
41
-1789
2961
7738
-130
-1401
-6051
8312
5735
-9113
6526
-7833
6283
-4148
-6282
-2659
-3715
4847
4010
-3318
-3455
-6179
-406
-5239
-6801
4567
-6241
-4431
-6281
3441
-6662
992
6405
-246
-6385
9753
-1171
-7272
-2810
7306
-2584
6984
-8662
-1169
6747
-385
-2657
-2879
6517
4200
7220
3623
1779
4303
-6984
-717
-6478
-8619
5049
723
8023
6981
3363
3081
-7331
-6197
1414
6266
-1078
7497
-9077
-8372
8641
-1813
-9222
-491
-613
-4849
6241
-297
6469
-7465
7078
-5331
2906
-5614
-6595
-7594
-7245
4815
-2122
856
-7724
-2378
-9648
-9956
9094
-3301
-8841
1683
-8609
-2351
-1430
-2221
1100
-2185
9288
9054
-8320
-2725
7309
-9588
-1633
-7667
3065
-4172
7152
-3299
-1154
-4826
2060
-8935
9574
-3588
7220
9398
7362
-7893
-4986
9245
-2224
-5346
-2677
-5706
9101
6186
6172
-8326
601
-6762
9835
1474
-6359
-7779
8438
2403
455
1456
-278
-5899
9632
-9579
6946
4475
1087
-5342
7379
4356
9742
6172
-836
7868
7839
-419
3374
-4897
4335
-1425
802
8813
-4788
8951
1176
-956
-4986
6487
397
3860
9879
4715
8067
6987
605
-2838
-8106
6274
3897
6538
-5420
9022
2073
-7660
-7412
2963
-2451
3293
-9610
3267
-6094
-3160
-2461
-3178
-2127
-2643
7376
-273
3258
4509
9049
9041
-3922
9863
2576
884
-6284
-2276
6901
-9424
313
4086
-6370
-3900
-5256
5245
-7388
-7836
-385
320
-598
-3780
6024
5334
8927
7903
-4476
5396
7782
-1678
5984
-9635
-2403
2461
-963
4849
-6229
4422
-8153
-6031
8445
-1074
9084
-7607
7949
9538
1503
3820
-4475
-5531
6397
-5798
9464
1681
1266
1466
-178
-5987
8401
6391
-8859
-1569
-2936
4780
4050
-8804
-1741
3295
9367
7570
-4472
4304
6311
-9654
-1811
-7057
-5690
-7544
-6160
-4488
1796
9564
-798
-311
6622
7421
-2648
7539
-1737
9449
-2477
-2477
9229
4150
-9372
9806
-5590
9840
9072
4794
-2432
3297
7548
9957
2888
5819
333
-4436
5643
-7493
5619
4301
6750
-6349
-1114
-6123
6911
8527
-6526
7450
1035
7154
-9489
5527
1126
-1694
7786
5143
-1770
4296
-9787
-875
3980
6303
-4044
9949
3191
8390
-424
3124
-9167
9244
6712
1911
7951
-972
-2455
-6064
6094
-3755
-5779
-2508
-5178
2652
6236
-507
-2770
-4357
115
665
8679
3782
9082
9332
3626
8012
-7857
5682
-8684
-7562
-4209
3215
4873
1973
-1485
-476
1436
-6669
3352
1738
9461
-7350
-8698
-9588
4060
-1450
6867
-7119
5993
-3371
-9370
940
9683
-399
-9168
309
6546
3880
4628
-3486
868
9061
4150
-1237
5034
-7819
-613
3616
-301
-3913
4150
-6899
-4570
7939
3608
-6973
-5907
2237
5449
3870
3529
-3030
-7636
6850
-9110
4571
2231
-4949
2991
-307
1200
3950
-8052
-1877
3812
-3122
3140
9606
553
-7340
5474
601
3295
-388
-2796
-4748
-868
-4504
-5645
-5157
-7118
8800
-4637
-8231
-8289
713
-5553
-184
7971
2872
-2798
7765
-6570
5777
5480
3698
2489
9971
-5566
-9768
-5350
-2143
-9601
1037
-8208
562
-1148
-1452
2962
8382
-32
-7229
971
-3220
-7304
-6357
7441
-5794
-5582
-816
-8023
2463
2963
4448
7230
8895
2996
8378
-7459
-9010
595
-763
-8514
1747
6890
-1375
-2149
-298
5887
9866
-2719
9950
1769
3975
-3947
-8072
-7759
7614
-421
-7825
7677
5599
-3617
2545
-7709
2254
-620
2747
-6052
-9734
-1611
-5246
-712
6737
6826
4456
6590
8787
2704
-2844
351
-9725
-8617
-7914
-3538
9025
-6926
5148
9924
-4457
9003
-4772
-5710
-5590
-8025
1837
6506
-9197
5199
-8920
7306
-859
438
3283
8087
-5938
-7057
-3163
-4766
6634
-2942
-6409
6236
8238
8323
-867
-6352
4422
-4926
7973
-645
9163
-5055
-95
-9639
-6762
6785
-5886
5901
-2520
-3239
4129
-754
-9676
-798
-329
3477
-1988
4060
-4370
-9002
-3369
2017
2388
1241
7323
-8683
-4247
9444
6964
-85
2545
-9753
5427
-3841
8294
-4472
7941
7092
-5539
1832
4676
-5831
-966
2384
7660
6612
6196
3328
333
21
-5704
-3247
-7131
1371
-579
-4699
-5036
7345
-1794
-9680
9567
-3097
4383
1083
-4513
-2018
-8385
-293
-7529
8105
-1102
-9106
3775
-5913
-7809
-5576
-1559
-5818
4713
6371
572
-4745
-6551
-1128
5734
-125
-7471
6232
-8930
9995
-4531
312
2485
-7974
-6711
4255
-8591
-3674
-2952
3352
-4872
-2508
-1038
-6651
-4374
5169
3501
1901
-9077
5220
2363
-8930
7222
-3403
296
5431
694
6653
-2878
-7196
6818
7541
-8740
-6115
-541
-9893
3671
-2455
4965
-3237
-1681
3090
6338
-4269
-4767
-8151
7557
-4903
8519
7093
-9249
-9143
-4640
7188
-6618
7527
-9492
7371
9111
3587
7833
1800
2100
5347
89
1026
4591
-8817
-9120
-7643
1700
8446
7181
-4294
2541
1941
-6177
-2169
-3600
-1133
-4083
-8364
-6028
-5170
8307
4642
744
-5202
-1652
-2747
-6739
-106
2644
-4192
8244
3243
7784
-9455
-4836
4849
3046
5480
4150
6645
682
682
2377
-5401
-303
-1885
6973
-3544
-6390
-9643
-8698
3212
5984
-6743
3718
-8669
7140
2962
-327
-2994
-5110
3721
-6869
1453
8438
9392
8554
-4196
5538
834
5472
8739
-950
1576
9654
-9099
-8946
2407
7724
-9753
-6271
7294
-3194
3908
-7066
-8514
3395
3972
3087
-3302
9031
-1279
3055
-9041
263
-4657
-1681
-3369
6079
3194
651
-7050
-6466
-4213
-1662
-6052
1641
-4467
2100
-4366
-4186
6329
-6681
-6996
249
-562
-8800
4426
8581
3470
9631
8494
-2378
8733
4667
1595
-4094
2531
-4167
2858
6536
-8667
2188
3938
4876
6519
5357
-2407
6233
-7607
3875
8432
-4374
-7728
-4531
-3506
-5435
181
8117
3770
-5107
-4244
8352
6370
-229
2100
-1038
2258
3290
-5597
-3407
-5779
-2588
-769
-6192
1553
9708
2189
-1903
-1855
4306
4030
2251
8383
5106
3234
5212
1831
-2092
5104
-1016
3942
2293
-8591
-2912
7053
6651
915
4178
8863
6180
-4425
-4961
4197
2688
7519
6172
8361
8346
8164
-5960
-2942
4330
2060
6901
-463
-7299
-6041
-2976
3924
9041
7473
9957
-9503
1023
4250
-5239
-1398
9043
3774
-5665
6587
3623
-279
7334
7606
-4177
-8052
8473
-2015
2100
9283
6231
8646
7367
-2241
-4025
2637
-8904
5202
-6114
1986
6718
5975
-4836
-8338
9198
-6612
8002
1926
-2855
-3587
-6989
7212
7779
-5008
-1214
1402
-5787
-3010
-7395
2374
7323
-6267
1334
7038
6968
-3690
-7640
-3296
5835
5970
-441
-2796
9346
2479
-2342
-4249
8675
6241
629
6783
-3088
-297
-6456
3344
2554
-1352
5106
3163
5422
-6612
-830
137
6046
2911
-5737
-43
-4659
-9665
2620
-2081
7603
4998
-7063
-3468
-2019
-7470
-8912
-7422
3624
8798
7049
8067
-4488
-9489
1509
-6183
7823
-3231
1486
-3600
9465
5719
1210
-5071
7768
3965
7610
-7188
8512
5783
-2408
6251
-8529
8012
-3690
236
1388
-1299
-114
1340
-4116
-1055
-6841
-2810
-5687
-278
8858
-1932
1161
-5947
3014
-1228
9587
3046
-698
-8935
644
-6498
-9492
7537
2006
-875
-3537
-8664
7425
-8820
-7220
-6522
-5889
-8519
-5724
-8568
6895
9155
-6282
-6066
6993
1700
-8357
4121
621
1194
-2844
-9275
-3546
4800
9582
-3670
8291
-2026
-7760
6780
7827
-3534
6186
1117
-5122
-7017
7407
8798
8612
-1391
-8946
3608
-6372
2346
5609
-3149
-2708
-262
3101
4355
-9110
-540
4664
9487
2331
5497
-9017
9154
1149
-5741
3676
-9157
-2884
7756
601
-6064
-3875
-135
9160
-6273
-2892
420
-5229
187
-70
3221
9835
-9487
7038
6803
-9957
1184
-286
5838
6351
2903
158
-1085
4401
-1880
-5420
729
-6782
-9332
-7323
-4957
-9924
6622
-4792
-522
1951
4247
-1790
4192
-4207
-6484
-5704
-3703
-5855
-5944
-4897
3626
-4336
5307
-9674
3479
-349
9864
5216
-5991
7537
-581
-6825
-5710
-1633
-7451
3432
9296
-9771
2828
-828
-6921
8268
2531
-3147
-7910
9499
6470
-9129
-8265
-7730
814
-7356
0
-5296
-5429
9924
-4808
-696
9046
-9613
-8394
-3539
-1728
9964
7823
-5747
8895
-8082
-7772
-8430
-9649
4514
4688
-1603
6901
-1426
-3618
3326
1758
6311
-8548
-8739
1726
-1095
-9535
-9403
-4707
-6718
8807
7436
9957
-8772
5737
829
4335
5599
7738
1770
-6459
-2993
1297
1802
-1101
2280
6651
5151
2287
9198
-1971
-4906
4892
-7997
-3756
7049
1263
8815
-3819
-7905
9139
5453
6821
-4525
6998
-1554
-8925
7366
364
-8548
-6359
-3173
-8106
1140
3854
2556
3456
2710
-6712
-5907
2174
-8289
-3927
4041
5510
-7495
5474
1415
5138
-4032
-7662
-4981
3096
7616
-9622
-9725
4735
9925
1194
-5332
7535
-9832
-6963
5549
1266
6901
2506
-9857
-523
5525
-9434
-9275
-9281
-3431
9932
5297
6180
-1264
1313
-7236
-3189
-6825
-5281
4150
-2780
2637
7654
-8433
6403
-5282
9089
-5995
-5998
8631
2847
-7011
1498
3673
9820
-4906
5969
-4490
-6570
-2085
8679
9687
9650
-6186
-3236
-6496
-1912
-4953
-7343
2799
8147
8745
-2912
-6669
723
9894
-6743
-79
1336
-762
5491
4416
-5134
-5624
1851
6736
2659
5036
8261
2397
-4396
1536
8274
-2495
-187
1109
-1356
2502
4168
9359
-2939
8233
2568
6171
6365
-7555
7038
-936
-6192
-6785
309
-7394
-2707
-3965
3606
-5590
-9380
-7304
5990
-3768
4965
-6353
5170
-8439
598
-8972
-6576
-7164
-8918
1463
-2511
-9228
-7893
-6516
-4177
-7757
7473
-1037
-9054
-627
-3578
9464
4182
7144
-241
-6277
-7471
-5644
-2020
4725
9574
-2241
-7927
-5719
-8886
-4707
8589
6237
-8849
-723
-9370
7222
9392
-5506
9049
-7364
4334
-5324
-1391
-3016
-5522
-2811
623
-2913
8346
-9213
328
5643
5707
8761
-9424
8644
-8498
5136
5507
5614
-7969
-8637
6251
-1903
5935
7990
6581
-4546
-6277
1160
382
6101
2855
3632
3499
6121
7931
-2361
6313
1266
-521
4817
2478
754
6313
8889
236
36
-7927
-9736
7709
7883
136
4004
7823
-549
-5779
2801
-7813
5785
-9061
-9813
3652
-7518
5421
4003
4182
5671
2806
480
3166
-7622
7168
316
6597
1702
3152
9146
105
720
-4836
3960
-5229
-2959
7465
-3273
-1055
5339
-4132
2731
-4531
9042
6424
1812
-5604
-4099
-3535
5691
7479
-7131
-2329
-7005
-5775
-4274
-3590
876
-8999
2092
-9513
-8739
3969
-1855
6260
1921
932
5718
1823
-3032
9626
2126
-8207
-8895
242
4154
-9006
-8442
-1637
-9581
-1356
-8276
-7935
6360
6531
-8258
-3622
-3701
2953
-6729
3283
5173
4246
-4042
-9380
7804
109
3776
-8972
-2685
1023
-2633
9417
-5816
9990
9724
7227
8369
-4268
4713
-1352
-7966
8641
-7059
-6632
-7642
6071
4817
3308
6924
6614
-7551
-4857
7533
8067
2493
-9498
3486
6239
-9117
-8568
-2462
-5853
-3962
-9639
7294
-1790
-4628
8235
-3467
-388
-2912
4237
7958
5186
-4712
4422
1601
9224
-3968
-5296
2862
9031
753
-6143
6054
-5107
3413
-1813
-1499
1716
7735
-3534
-723
-2165
-9750
-4097
8423
-7929
-5410
-36
4200
7972
-8875
-9274
3336
-6623
-1932
-2249
9551
3460
-4194
-2477
4796
6744
8739
-3754
-2009
-679
-5158
480
2123
-7572
9224
-1652
-6359
3569
3942
-5503
-9739
-5519
-5004
-3030
-5816
5049
3395
7416
-6539
-7507
-8366
6160
-8108
5294
-7177
-5779
-44
6524
134
-6579
9228
-4707
-4221
-5931
-7494
4404
-9535
7441
1453
-5489
4558
-748
-1671
6405
9183
6911
8445
1802
-8937
4324
4856
1447
-145
8063
-4973
1931
8146
7951
7185
6099
2874
-2639
2379
-2008
-2878
2461
-3718
-7216
7244
-576
7617
-2850
6413
-8006
7228
1738
-6255
-6928
-4709
2030
-8640
-6133
3676
-7899
-3631
-4033
6109
-572
-5998
2688
8253
-9043
-9586
-1401
3198
-9390
-9379
-5436
6464
4200
-1215
7105
6712
1986
-1545
3974
5748
4873
-8609
9805
-2408
-6262
-622
7087
4041
-9302
-486
4045
-9722
-4456
5979
-698
9515
-3382
3569
-5644
2693
4019
-8804
6132
-6015
-799
5942
-606
-5264
-3657
-6712
-200
-3673
-8005
-233
6645
1927
-4686
8581
5536
4504
-3835
-7006
7599
-3522
-2084
-7004
-9427
-6436
3221
-6314
6331
4173
2739
6440
-5614
-3674
319
4870
-3937
3337
-702
-1554
-2002
-7949
-7044
7017
-8492
5780
6914
3759
9942
-379
2493
4372
-5332
868
-6019
9949
-2477
635
-4436
-606
-4158
-7873
9947
-2961
-1375
8848
-8819
2334
6312
4314
4355
7379
-7001
1004
-3784
3740
-362
-5227
-6827
-219
-5614
4033
-9131
-6117
5374
-614
-8340
9576
4050
-6192
-4519
1777
852
7216
5777
-2034
9544
-5242
5888
-5342
4800
-7422
6653
-566
2176
9306
4424
-3273
9282
-9831
-7293
-5296
7367
-7063
3927
2862
-6477
3014
-4626
2463
2361
3302
-1789
-6490
-1299
5036
2303
-6835
2799
-5434
-1603
-4393
4722
-5008
-6549
-2942
6785
-7908
1774
-9784
3776
-8201
5397
7905
-9345
8813
3431
8760
3308
-3958
-8074
-7339
-5873
-8458
4106
3676
207
-6122
8741
6303
-69
-1559
-4699
9947
-798
-6063
-376
-9901
3685
-1122
-5110
-9369
-2195
5948
3
2350
7259
-6512
-7867
5041
8872
-8987
6423
-2913
-7652
6023
-2192
-8343
8741
5403
2093
-2867
-5578
-6175
-3513
207
4040
-9180
-1131
6642
714
9139
7846
-6187
3895
661
6088
3480
2658
-9185
8987
-5523
7818
-7409
5252
2851
-1912
462
-259
5888
-4591
-5878
6719
4746
9020
-2711
7195
-6975
-1938
-344
419
-3665
9429
7053
211
-3200
-5099
1653
-5668
-3306
-1586
-5392
8529
-6389
2017
9169
8589
-5940
-8204
-212
4717
-9044
3131
3681
7606
3880
9441
-4092
4400
5497
-4661
6423
7599
-5539
7903
6228
7649
4319
-6122
-5351
7043
8847
-8971
-2451
-8930
5343
6918
-618
9120
-3369
-82
-7858
320
-9141
5474
4105
-7432
572
-5695
7093
2329
1975
-5150
4638
-3259
-4142
6859
8379
9339
-7788
-184
-3406
-8302
-5978
-8494
3
8923
3766
-5280
-7321
3154
6664
-7758
-4915
-552
-927
-4929
9288
6026
7028
8132
397
8690
2368
-5856
-8179
-6638
7314
6473
8677
-3437
-1426
-8172
-9591
-5749
332
-203
-9289
6035
4791
1134
2398
8863
225
-1983
9164
4490
-3358
-2982
-6984
-8752
8217
6183
-4713
-1016
6172
7537
7139
1793
-6392
7972
-4872
-8128
2073
-4592
-2425
-3419
-9848
9165
-7411
-8258
-9014
4027
-7757
-7754
-6037
3913
9013
-7940
-6423
7386
2572
-2547
-3163
-1394
-482
944
5165
956
-5816
7728
6880
-5721
8809
5357
-176
3661
-3678
-1279
2784
-590
-9129
4793
1096
4732
8610
-7172
-5993
-1564
-7496
-9202
-9060
9384
-7887
6436
-2122
-7990
6083
-5098
-748
8989
6204
4520
9855
2364
6619
1835
-7893
-2950
-3661
-7528
-4539
9089
4800
-2970
-5435
7799
-9435
8585
-3360
-9673
-3273
-2479
9221
-2677
9894
9864
-6632
130
6379
-5750
6785
-8897
-1693
-9765
-9011
-7170
2087
-9219
-4361
-1147
-4294
3321
-2208
2150
-3173
-4367
-2648
-4367
8042
-3832
2191
733
-6626
-4442
1768
-696
-9872
610
7652
2200
2508
7823
4079
7983
-3126
-5262
-9207
-319
-3795
9816
8417
6082
2738
-3780
4591
3733
-2341
5194
9429
5415
7265
7649
172
7956
-4640
-232
-5143
886
1705
-9705
-4826
-91
3816
7882
2062
2485
4860
6822
617
-4133
5446
158
4800
-282
-3302
4972
1272
-4094
5260
-8072
3131
9226
926
4296
7416
-9923
4777
3260
-4081
-2018
-7152
1536
-1183
-8576
-7716
-2771
-859
-4779
5920
-5529
4049
-8001
4301
218
3542
-1642
-8866
9378
-8383
2589
-9734
-3908
1513
7899
-8062
2451
-6064
722
312
1095
4607
9590
-7774
-9535
-5990
6882
-1581
-2747
6370
-4464
7726
-5332
3081
8311
2230
-5944
-6444
1273
-7805
-5373
3666
820
3293
7865
-549
-9473
6082
-5983
2891
677
-9271
5627
-3641
-9738
682
2059
-5978
-7622
-6703
6849
-2952
6879
-5008
3471
-3655
1560
-6532
3685
-2534
-5706
-6777
677
-4401
-7681
-2828
8067
7031
-3276
5907
5446
7230
-187
3202
-3419
1436
118
5173
5043
-3492
9316
-1422
-5687
-7293
-7990
-6869
4609
-477
-3826
-2857
8216
-8606
-3937
6599
-9800
58
8274
-5420
7662
91
-9210
-9783
3817
9432
6172
2191
8469
2245
-6446
5785
6092
-3626
2362
-8465
-3334
5586
8268
4796
8194
6094
3234
1037
8275
6516
-2657
-7378
8706
7537
4777
712
-2771
-3468
1956
2331
7724
9314
-8925
-2465
8600
3724
-2934
6268
-5354
-6182
-6744
-3196
-8053
-4457
3140
8164
4628
7812
2374
-9420
-8548
-1169
-421
-4069
-888
-346
9746
-9588
3458
-6076
66
5096
5157
6360
8215
6830
6257
-9131
1770
-8794
2454
-6353
8420
-2706
911
-8338
-195
4719
-9435
-856
6855
4711
-8062
2839
3708
-5392
-7375
-6277
-9060
1754
-9552
-4808
-3097
9059
660
9734
-7063
-3921
989
-6726
-1203
-2766
-3626
-8925
-1237
9286
9630
1923
8937
-3970
7660
-1148
-7512
-8400
37
-8783
-6712
-9598
8391
8028
-193
-6360
415
-7772
8741
1652
5905
-8697
-5157
-4655
1641
2558
3122
-3214
3542
-233
-3600
1723
-8697
-930
6847
-7494
-3900
1927
81
8592
-3336
9221
4849
3975
-3590
9337
-6518
-3236
2449
4513
9328
2419
820
8506
-8912
4934
3521
-5892
1824
3499
-1505
-1323
8804
-5648
7371
3446
7981
-1017
-6492
3049
3531
-3259
-6647
-9731
-2769
4847
-1305
-6915
-2084
-6535
6831
-6514
-2381
5273
7248
7248
-6124
7211
-6620
-7594
-3937
-1113
-3468
1928
4979
5736
2453
-7733
8438
-2343
-3038
